1000
1000.1
1000.2
1000.3
1000.4
1000.5
1000.6
1000.7
1000.8
1000.9
1001
1001.1
1001.2
1001.3
1001.4
1001.5
1001.6
1001.7
1001.8
1001.9
1002
1002.1
1002.2
1002.3
1002.4
1002.5
1002.6
1002.7
1002.8
1002.9
1003
1003.1
1003.2
1003.3
1003.4
1003.5
1003.6
1003.7
1003.8
1003.9
1004
1004.1
1004.2
1004.3
1004.4
1004.5
1004.6
1004.7
1004.8
1004.9
1005
1005.1
1005.2
1005.3
1005.4
1005.5
1005.6
1005.7
1005.8
1005.9
1006
1006.1
1006.2
1006.3
1006.4
1006.5
1006.6
1006.7
1006.8
1006.9
1007
1007.1
1007.2
1007.3
1007.4
1007.5
1007.6
1007.7
1007.8
1007.9
1008
1008.1
1008.2
1008.3
1008.4
1008.5
1008.6
1008.7
1008.8
1008.9
1009
1009.1
1009.2
1009.3
1009.4
1009.5
1009.6
1009.7
