487.6
505.76
516.9
517.16
517.41
740.83
748.45
748.97
749.59
750.63
753.97
1434.88
1436.98
1437.3
1678.16
1678.49
1682.3
1682.92
2060.23
2060.54
2062.02
2323.25
2323.76
2324.13
2325.89
2326.15
2346.1
2346.62
4481.7
5060.49
5061.07
5061.66
5062.25
5063.11
5063.74
5064.67
8723.81
8733.02
8735.26
8735.69
8736.31
8736.78
8737.68
8738.76
8739.39
8739.76
8929.12
8948.43
8954.28
8955.07
8990.09
8997.93
9003.37
9195.71
9240.92
9807.62
9812.17
11438.84
11444.57
11448.04
11450.24
11450.66
11451.03
11451.43
11451.93
11452.49
11453.09
11453.82
11630.98
11642.86
11667.11
11683.24
11683.42
11683.77
11686.26
11709.26
11747.3
11750.17
11936.44
12204.9
12274.45
12274.77
12276.24
12276.92
12277.31
12278.07
13761.22
13765.15
13767.32
14115.14
14123.8
14125.25
14125.66
14126.18
14126.64
14127.56
14128.13
14128.48
14317.75
14329.07
14339.04
14345.97
14356.44
14356.69
14356.94
14357.22
14377.99
14378.25
14378.54
14378.78
14379.01
14379.17
14379.38
14379.58
14379.74
14379.88
14379.98
14380.21
14380.45
14380.67
14380.95
14381.14
14381.38
14383.55
14383.78
14384.21
14384.39
14384.51
14386.15
14393.16
14395.04
14396.42
14396.86
14397.98
14398.9
14399.04
14399.26
14400.8
14402.13
14402.52
14404.71
14406.07
14406.32
14406.54
14406.79
14407.97
14410.37
14411.82
14415.06
14415.76
14418.57
14425.25
14426.68
14427.14
14427.59
14427.9
14430.04
14436.11
14437.28
14440.65
14442.94
14443.25
14443.87
14444.98
14446.41
14449.18
14450.46
14450.71
14468.46
14468.67
14469.31
14469.67
14470.2
14474.83
14475.16
14475.29
14476.27
14478.7
14479.15
14479.4
14479.75
14482.33
14482.73
14483.55
14491.92
14500.25
14500.78
14500.94
14501.15
14510.66
14511.35
14511.49
14511.67
14511.92
14512.2
14512.41
14512.67
14513.01
14513.31
14514.4
14535.72
14544.15
14552.52
14560.9
14578.6
14597.08
14597.33
14597.58
14597.86
14598.11
14598.54
14599.65
14599.96
14600.19
14600.49
14600.82
14601.1
14601.38
14609.94
14614.62
14614.77
14614.96