366
367
368
369
370
371
372
373
374
375
376
377
378
379
380
381
382
383
384
385
386
387
388
389
390
391
519
520
521
522
523
524
525
526
527
528
529
530
531
532
533
534
535
536
755
756
757
758
759
760
761
762
763
764
765
766
767
768
769
3018
3019
3020
3021
3022
3023
3024
3025
3026
3027
3028
3029
3030
3031
4364
4365
4366
4367
4368
4369
4370
4371
4372
4373
4374
5770
5771
5772
5773
5774
5775
5776
5777
5778
20503
20504
20505
20506
20507
20508
20509
20510
20511
20512
20513
20514
20515
20516
20517
20518
20519
20520
20521
20522
20523
20524
20525
20526
20527
20528
20529
